year	Sample_ID	Block	Straw_DM	Grain_DM	Crop	Straw_Rate	Slurry_C
1951	201	1	3.46902211453323	3.62312729805176	"WinterWheat"	4	0
1952	201	1	3.17494373775257	3.60054302854368	"WinterWheat"	4	0
1953	201	1	2.79721062951706	3.31664619565877	"WinterWheat"	4	0
1954	201	1	3.14193408449875	3.61088681816465	"WinterWheat"	4	0
1955	201	1	3.47273212957874	3.70797615607148	"WinterWheat"	4	0
1956	201	1	3.08082005969686	3.61687061371134	"WinterWheat"	4	0
1957	201	1	3.11021717346763	3.54348905601227	"WinterWheat"	4	0
1958	201	1	3.15835086296231	3.4282377867729	"WinterWheat"	4	0
1959	201	1	2.30894766369705	3.58415872014623	"WinterWheat"	4	0
1960	201	1	3.76209700732789	3.61290814741624	"WinterWheat"	4	0
1961	201	1	3.19773559277492	3.22084940860474	"WinterWheat"	4	0
1962	201	1	3.13125210364506	3.63644867901665	"WinterWheat"	4	0
1963	201	1	4.39196102991758	3.11920250557361	"WinterWheat"	4	0
1964	201	1	3.10745519116496	3.53382377243337	"WinterWheat"	4	0
1965	201	1	3.18068194241704	3.40285737889239	"WinterWheat"	4	0
1966	201	1	3.21777586434873	3.24246930995558	"WinterWheat"	4	0
1967	201	1	3.32898620653881	3.350509125061	"WinterWheat"	4	0
1968	201	1	3.50104404107892	3.35921380366785	"WinterWheat"	4	0
1969	201	1	4.29696489776308	3.80768754532321	"WinterWheat"	4	0
1970	201	1	4.26154275577543	3.49298776653994	"WinterWheat"	4	0
1971	201	1	2.87497902794934	3.50988640515658	"WinterWheat"	4	0
1972	201	1	3.44400995454504	3.65401439040302	"WinterWheat"	4	0
1973	201	1	3.80766715589407	3.60715732065092	"WinterWheat"	4	0
1974	201	1	3.70176268811312	3.33716664212295	"WinterWheat"	4	0
1975	201	1	2.97342141823917	3.09047856887667	"WinterWheat"	4	0
1976	201	1	3.00780640562401	3.65671023968583	"WinterWheat"	4	0
1977	201	1	4.33001987785316	3.80143058104247	"WinterWheat"	4	0
1978	201	1	3.02015031731061	3.23155792621852	"WinterWheat"	4	0
1979	201	1	3.52092770702536	3.24099420531161	"WinterWheat"	4	0
1980	201	1	3.64023678338127	3.55185799126443	"WinterWheat"	4	0
1951	206	2	3.39796342753702	3.64076261393945	"WinterWheat"	4	0
1952	206	2	3.28470094856298	3.63872715218281	"WinterWheat"	4	0
1953	206	2	2.71263940651668	3.29668889714869	"WinterWheat"	4	0
1954	206	2	3.16521503907584	3.6185992920067	"WinterWheat"	4	0
1955	206	2	3.4789803552325	3.68944033668428	"WinterWheat"	4	0
1956	206	2	3.10035249048079	3.63658032850684	"WinterWheat"	4	0
1957	206	2	3.12920442844229	3.54884669943323	"WinterWheat"	4	0
1958	206	2	3.11942851296287	3.41279720706331	"WinterWheat"	4	0
1959	206	2	2.24313435872643	3.61053209100589	"WinterWheat"	4	0
1960	206	2	3.77120680565578	3.61078213924772	"WinterWheat"	4	0
1961	206	2	3.26890752802658	3.26827743566659	"WinterWheat"	4	0
1962	206	2	3.16112190403581	3.65453503316239	"WinterWheat"	4	0
1963	206	2	4.39818094070648	3.10939991550259	"WinterWheat"	4	0
1964	206	2	3.17685422555292	3.58025645212964	"WinterWheat"	4	0
1965	206	2	3.21225887897193	3.42469962597614	"WinterWheat"	4	0
1966	206	2	3.24379843677916	3.24915268569068	"WinterWheat"	4	0
1967	206	2	3.24945675963309	3.34789236382594	"WinterWheat"	4	0
1968	206	2	3.50872087127829	3.38428583194239	"WinterWheat"	4	0
1969	206	2	4.33233340688636	3.8093630825435	"WinterWheat"	4	0
1970	206	2	4.32435115837132	3.47842333144374	"WinterWheat"	4	0
1971	206	2	2.90706518542102	3.5302426086556	"WinterWheat"	4	0
1972	206	2	3.48314420362085	3.67564074250549	"WinterWheat"	4	0
1973	206	2	3.86280012985747	3.64038108243657	"WinterWheat"	4	0
1974	206	2	3.75216143936918	3.36888775066212	"WinterWheat"	4	0
1975	206	2	2.88921694602313	3.09296417965777	"WinterWheat"	4	0
1976	206	2	2.98557585377325	3.64841582420443	"WinterWheat"	4	0
1977	206	2	4.32571668449949	3.80295209978114	"WinterWheat"	4	0
1978	206	2	3.05769315748778	3.23527087569767	"WinterWheat"	4	0
1979	206	2	3.44146859396388	3.22658254651423	"WinterWheat"	4	0
1980	206	2	3.71861477054807	3.54356924622489	"WinterWheat"	4	0
1951	208	3	3.29158715146228	3.51929638981418	"WinterWheat"	4	0
1952	208	3	3.18156447892179	3.46612593773878	"WinterWheat"	4	0
1953	208	3	2.64096109674441	3.23114764044918	"WinterWheat"	4	0
1954	208	3	3.14060833087464	3.49442372698059	"WinterWheat"	4	0
1955	208	3	3.32472576008071	3.60003997391336	"WinterWheat"	4	0
1956	208	3	3.10553017955143	3.5083986793884	"WinterWheat"	4	0
1957	208	3	3.09730423592891	3.44821491439092	"WinterWheat"	4	0
1958	208	3	2.98298569379081	3.32986719123664	"WinterWheat"	4	0
1959	208	3	2.1596260025724	3.54715846208853	"WinterWheat"	4	0
1960	208	3	3.66784201553637	3.53059477265371	"WinterWheat"	4	0
1961	208	3	3.20197013979464	3.19133160619207	"WinterWheat"	4	0
1962	208	3	3.06474157189271	3.51926409540624	"WinterWheat"	4	0
1963	208	3	4.1960685491953	3.05798154262482	"WinterWheat"	4	0
1964	208	3	3.12183195557813	3.43800455224165	"WinterWheat"	4	0
1965	208	3	3.16952627020893	3.30056513808259	"WinterWheat"	4	0
1966	208	3	3.2221040088184	3.17333444608989	"WinterWheat"	4	0
1967	208	3	3.15095683195838	3.2692090987474	"WinterWheat"	4	0
1968	208	3	3.4045135989238	3.30503012537421	"WinterWheat"	4	0
1969	208	3	4.06911096797511	3.74725578199881	"WinterWheat"	4	0
1970	208	3	4.1750624350755	3.3674833067343	"WinterWheat"	4	0
1971	208	3	2.96330425028686	3.42084582427447	"WinterWheat"	4	0
1972	208	3	3.46353970835486	3.56737417766033	"WinterWheat"	4	0
1973	208	3	3.78763830780527	3.53765467930052	"WinterWheat"	4	0
1974	208	3	3.59612188286465	3.26441907881557	"WinterWheat"	4	0
1975	208	3	2.77848358437931	3.02642024134141	"WinterWheat"	4	0
1976	208	3	2.81970731686441	3.55664645159836	"WinterWheat"	4	0
1977	208	3	4.20574125451526	3.75318332275058	"WinterWheat"	4	0
1978	208	3	3.05444904131905	3.14932028756612	"WinterWheat"	4	0
1979	208	3	3.34022555703514	3.173983705667	"WinterWheat"	4	0
1980	208	3	3.57080084632854	3.44302573348598	"WinterWheat"	4	0
1951	301	1	3.19781555150057	3.5999613936523	"WinterWheat"	4	0
1952	301	1	3.21678029463814	3.61033892387567	"WinterWheat"	4	0
1953	301	1	2.63877829652799	3.31289080856252	"WinterWheat"	4	0
1954	301	1	3.08586215990835	3.61413719275433	"WinterWheat"	4	0
1955	301	1	3.31998155932292	3.67732525151048	"WinterWheat"	4	0
1956	301	1	3.14762966255836	3.62034686237656	"WinterWheat"	4	0
1957	301	1	3.13389443426396	3.54197918576133	"WinterWheat"	4	0
1958	301	1	2.98280067868423	3.42302950617625	"WinterWheat"	4	0
1959	301	1	2.22979009239899	3.62944368532444	"WinterWheat"	4	0
1960	301	1	3.53444729830905	3.61284829421319	"WinterWheat"	4	0
1961	301	1	3.16924736596068	3.26644474184375	"WinterWheat"	4	0
1962	301	1	2.99165988423074	3.60779693974019	"WinterWheat"	4	0
1963	301	1	3.88276367197074	3.08585744415373	"WinterWheat"	4	0
1964	301	1	3.11376893302587	3.57442821779567	"WinterWheat"	4	0
1965	301	1	3.02221885769793	3.39432636965163	"WinterWheat"	4	0
1966	301	1	3.12682462092629	3.24343567935175	"WinterWheat"	4	0
1967	301	1	3.14707784076138	3.3588668818892	"WinterWheat"	4	0
1968	301	1	3.32424270499406	3.38693301151181	"WinterWheat"	4	0
1969	301	1	3.78624143074612	3.7764339967104	"WinterWheat"	4	0
1970	301	1	3.82744223826451	3.47824937636793	"WinterWheat"	4	0
1971	301	1	2.97832769664108	3.50815137048137	"WinterWheat"	4	0
1972	301	1	3.30774500296473	3.63589018707347	"WinterWheat"	4	0
1973	301	1	3.63882220197693	3.60033032929555	"WinterWheat"	4	0
1974	301	1	3.52599978250751	3.36919095985774	"WinterWheat"	4	0
1975	301	1	2.74859900820202	3.07080357199421	"WinterWheat"	4	0
1976	301	1	2.82351391090126	3.65428302692099	"WinterWheat"	4	0
1977	301	1	3.91948111253864	3.78176354977695	"WinterWheat"	4	0
1978	301	1	3.01682104842972	3.23355462896749	"WinterWheat"	4	0
1979	301	1	3.19998828762503	3.23077699368659	"WinterWheat"	4	0
1980	301	1	3.37213086717163	3.53411284595097	"WinterWheat"	4	0
1951	306	2	3.15652433976952	3.53938239245639	"WinterWheat"	4	0
1952	306	2	3.28352358110498	3.56781355972788	"WinterWheat"	4	0
1953	306	2	2.53093422133625	3.23574020868833	"WinterWheat"	4	0
1954	306	2	3.09218615558126	3.54203267953591	"WinterWheat"	4	0
1955	306	2	3.37775074345933	3.61599295919069	"WinterWheat"	4	0
1956	306	2	3.1483109563041	3.54883499544087	"WinterWheat"	4	0
1957	306	2	3.13382360045496	3.49820734499654	"WinterWheat"	4	0
1958	306	2	2.95453783340691	3.34138205523629	"WinterWheat"	4	0
1959	306	2	2.10273106039406	3.58783977833836	"WinterWheat"	4	0
1960	306	2	3.5383835293194	3.53719428134058	"WinterWheat"	4	0
1961	306	2	3.18199169044299	3.19059952393298	"WinterWheat"	4	0
1962	306	2	3.01723473343404	3.55914511141208	"WinterWheat"	4	0
1963	306	2	3.88925797319029	3.02260141165832	"WinterWheat"	4	0
1964	306	2	3.15711772651403	3.50570994753766	"WinterWheat"	4	0
1965	306	2	3.05170074118398	3.32651144671972	"WinterWheat"	4	0
1966	306	2	3.13651776029189	3.1571252938898	"WinterWheat"	4	0
1967	306	2	3.11196663560092	3.29894874809306	"WinterWheat"	4	0
1968	306	2	3.3353860296635	3.32988329400248	"WinterWheat"	4	0
1969	306	2	3.82305272860964	3.71768549812598	"WinterWheat"	4	0
1970	306	2	3.90417309637703	3.39495273929144	"WinterWheat"	4	0
1971	306	2	2.97511803635998	3.44774830369195	"WinterWheat"	4	0
1972	306	2	3.39380008026661	3.57795967743535	"WinterWheat"	4	0
1973	306	2	3.69261420523191	3.55483907349972	"WinterWheat"	4	0
1974	306	2	3.51136457752612	3.30686852788841	"WinterWheat"	4	0
1975	306	2	2.64764765631987	3.03699635131968	"WinterWheat"	4	0
1976	306	2	2.80920677532877	3.58731589929934	"WinterWheat"	4	0
1977	306	2	3.93893056456353	3.7034612062917	"WinterWheat"	4	0
1978	306	2	3.03247339104973	3.16611882730634	"WinterWheat"	4	0
1979	306	2	3.19532782153526	3.13306542607616	"WinterWheat"	4	0
1980	306	2	3.42309042838152	3.45001081531194	"WinterWheat"	4	0
1951	308	3	3.02553090394177	3.38815748640529	"WinterWheat"	4	0
1952	308	3	3.14756395031541	3.36461613685766	"WinterWheat"	4	0
1953	308	3	2.45389809116437	3.14187244107059	"WinterWheat"	4	0
1954	308	3	3.01534088429482	3.36510440194778	"WinterWheat"	4	0
1955	308	3	3.24059908095097	3.48808675060086	"WinterWheat"	4	0
1956	308	3	3.06144495249335	3.38802346093086	"WinterWheat"	4	0
1957	308	3	3.06681146959638	3.36579606728059	"WinterWheat"	4	0
1958	308	3	2.82741616155343	3.23386605328429	"WinterWheat"	4	0
1959	308	3	2.01916546926706	3.48356645888179	"WinterWheat"	4	0
1960	308	3	3.51209040863302	3.39603644791265	"WinterWheat"	4	0
1961	308	3	3.05535068216864	3.08548235752219	"WinterWheat"	4	0
1962	308	3	2.91500343918247	3.39853830776247	"WinterWheat"	4	0
1963	308	3	3.81845567438906	2.93540119332879	"WinterWheat"	4	0
1964	308	3	3.02534120272078	3.32487260962254	"WinterWheat"	4	0
1965	308	3	2.96365301311032	3.18341633681879	"WinterWheat"	4	0
1966	308	3	3.06487172831931	3.04676774787954	"WinterWheat"	4	0
1967	308	3	3.01037842667975	3.19311752536969	"WinterWheat"	4	0
1968	308	3	3.23398556715866	3.19695208912214	"WinterWheat"	4	0
1969	308	3	3.72951604625854	3.61043735755871	"WinterWheat"	4	0
1970	308	3	3.84318333273301	3.25316848045234	"WinterWheat"	4	0
1971	308	3	2.92349388085114	3.30153472641608	"WinterWheat"	4	0
1972	308	3	3.28908294526573	3.43964119862109	"WinterWheat"	4	0
1973	308	3	3.59485663157716	3.42760025169725	"WinterWheat"	4	0
1974	308	3	3.41167151816389	3.18029454175668	"WinterWheat"	4	0
1975	308	3	2.54682978034045	2.95675349395048	"WinterWheat"	4	0
1976	308	3	2.67799197283245	3.46451293657314	"WinterWheat"	4	0
1977	308	3	3.88790440499237	3.5948984393933	"WinterWheat"	4	0
1978	308	3	2.9964362656659	3.03621392856475	"WinterWheat"	4	0
1979	308	3	3.07795303056437	3.02183982859485	"WinterWheat"	4	0
1980	308	3	3.35866708814388	3.28483137206645	"WinterWheat"	4	0
1951	601	1	3.10152957219692	3.60148892034683	"WinterWheat"	4	0
1952	601	1	3.20834384442302	3.61039294259127	"WinterWheat"	4	0
1953	601	1	2.53418554711485	3.32357845220353	"WinterWheat"	4	0
1954	601	1	3.03989313641855	3.59117903077003	"WinterWheat"	4	0
1955	601	1	3.30464569622024	3.67310077492259	"WinterWheat"	4	0
1956	601	1	3.13918595797205	3.60044973777854	"WinterWheat"	4	0
1957	601	1	3.10163414789502	3.54001868478341	"WinterWheat"	4	0
1958	601	1	2.9268282709155	3.43243605734919	"WinterWheat"	4	0
1959	601	1	2.20219653032844	3.61826204788706	"WinterWheat"	4	0
1960	601	1	3.52185744589039	3.59861842603318	"WinterWheat"	4	0
1961	601	1	3.12258900334433	3.21550292357782	"WinterWheat"	4	0
1962	601	1	2.92369119718666	3.59330651378112	"WinterWheat"	4	0
1963	601	1	3.83683329630582	3.06621803537543	"WinterWheat"	4	0
1964	601	1	3.08229820313704	3.54491790945048	"WinterWheat"	4	0
1965	601	1	2.95986401074155	3.37514999700793	"WinterWheat"	4	0
1966	601	1	3.07410135096185	3.21875817617288	"WinterWheat"	4	0
1967	601	1	3.06318950337742	3.38044354949526	"WinterWheat"	4	0
1968	601	1	3.29849125426422	3.36203423372527	"WinterWheat"	4	0
1969	601	1	3.73047154996606	3.75040360098526	"WinterWheat"	4	0
1970	601	1	3.79733130086051	3.4660308578528	"WinterWheat"	4	0
1971	601	1	2.95424299643006	3.49852844445873	"WinterWheat"	4	0
1972	601	1	3.25299549889628	3.61059737194489	"WinterWheat"	4	0
1973	601	1	3.54996249678757	3.59264992560395	"WinterWheat"	4	0
1974	601	1	3.49594678122473	3.37220320951979	"WinterWheat"	4	0
1975	601	1	2.69545602423833	3.09612742709466	"WinterWheat"	4	0
1976	601	1	2.79506875362876	3.63013246137844	"WinterWheat"	4	0
1977	601	1	3.82840505775848	3.75689705104849	"WinterWheat"	4	0
1978	601	1	3.04434909693559	3.22505748181431	"WinterWheat"	4	0
1979	601	1	3.15299605791948	3.20367298817271	"WinterWheat"	4	0
1980	601	1	3.38440567638712	3.49983157767186	"WinterWheat"	4	0
1951	606	2	3.32707414333113	3.6171135350033	"WinterWheat"	4	0
1952	606	2	3.37287642100754	3.64748154493988	"WinterWheat"	4	0
1953	606	2	2.67007711266535	3.27956830408288	"WinterWheat"	4	0
1954	606	2	3.18334075264789	3.60111575138941	"WinterWheat"	4	0
1955	606	2	3.47066026812041	3.70201672788643	"WinterWheat"	4	0
1956	606	2	3.18650777191323	3.61034907056579	"WinterWheat"	4	0
1957	606	2	3.20339887595341	3.57399633964972	"WinterWheat"	4	0
1958	606	2	3.10344314217133	3.42614115103311	"WinterWheat"	4	0
1959	606	2	2.15665912892488	3.59132682423835	"WinterWheat"	4	0
1960	606	2	3.70344263197986	3.63667295656959	"WinterWheat"	4	0
1961	606	2	3.29340811018542	3.23973029895938	"WinterWheat"	4	0
1962	606	2	3.07707706095987	3.64316005092222	"WinterWheat"	4	0
1963	606	2	4.11394408966854	3.11237073231765	"WinterWheat"	4	0
1964	606	2	3.2302237246243	3.5652752765436	"WinterWheat"	4	0
1965	606	2	3.12595911644261	3.40550347530108	"WinterWheat"	4	0
1966	606	2	3.24353932840381	3.24088893922246	"WinterWheat"	4	0
1967	606	2	3.19713625950402	3.33823259406496	"WinterWheat"	4	0
1968	606	2	3.50333789001521	3.39436711214118	"WinterWheat"	4	0
1969	606	2	3.99999107615359	3.78500682052914	"WinterWheat"	4	0
1970	606	2	4.04325156147682	3.44647782199685	"WinterWheat"	4	0
1971	606	2	3.00505674819265	3.49085699499696	"WinterWheat"	4	0
1972	606	2	3.50321846677298	3.6420717460333	"WinterWheat"	4	0
1973	606	2	3.78743720460804	3.61682543609889	"WinterWheat"	4	0
1974	606	2	3.62792168891908	3.34018044402623	"WinterWheat"	4	0
1975	606	2	2.7368227361005	3.0599901249065	"WinterWheat"	4	0
1976	606	2	2.96888144352257	3.65458319730084	"WinterWheat"	4	0
1977	606	2	4.09198702496089	3.80935510577515	"WinterWheat"	4	0
1978	606	2	3.16645000057682	3.24680382283298	"WinterWheat"	4	0
1979	606	2	3.3426423484852	3.21960319434484	"WinterWheat"	4	0
1980	606	2	3.54371726676217	3.50620599463755	"WinterWheat"	4	0
1951	608	3	3.12226312482665	3.3794098152161	"WinterWheat"	4	0
1952	608	3	3.21136056695938	3.36152855971771	"WinterWheat"	4	0
1953	608	3	2.52043965118368	3.11454541903048	"WinterWheat"	4	0
1954	608	3	3.07272810468555	3.3330203044799	"WinterWheat"	4	0
1955	608	3	3.27228717527633	3.481156298518	"WinterWheat"	4	0
1956	608	3	3.11299344644226	3.3402652411987	"WinterWheat"	4	0
1957	608	3	3.09663461093704	3.35418980130496	"WinterWheat"	4	0
1958	608	3	2.86174163026968	3.2324609083211	"WinterWheat"	4	0
1959	608	3	2.01535625858128	3.4186730600514	"WinterWheat"	4	0
1960	608	3	3.60860134496432	3.37290801058048	"WinterWheat"	4	0
1961	608	3	3.13074177034918	3.05338705747815	"WinterWheat"	4	0
1962	608	3	2.93918157895939	3.36986056741994	"WinterWheat"	4	0
1963	608	3	3.99545775166617	2.93932311977145	"WinterWheat"	4	0
1964	608	3	3.07298743591705	3.30557662859122	"WinterWheat"	4	0
1965	608	3	2.97619318162916	3.19372682050134	"WinterWheat"	4	0
1966	608	3	3.13191512060113	3.0292392869296	"WinterWheat"	4	0
1967	608	3	2.98008154899214	3.13974202738331	"WinterWheat"	4	0
1968	608	3	3.31827414374503	3.1841746969163	"WinterWheat"	4	0
1969	608	3	3.85829412289213	3.63198123857129	"WinterWheat"	4	0
1970	608	3	3.91975471717709	3.2435691405671	"WinterWheat"	4	0
1971	608	3	2.93695828799371	3.24258197016764	"WinterWheat"	4	0
1972	608	3	3.32557283155338	3.4103317274973	"WinterWheat"	4	0
1973	608	3	3.57964480575966	3.39409817558229	"WinterWheat"	4	0
1974	608	3	3.54301798983141	3.15234805501549	"WinterWheat"	4	0
1975	608	3	2.56517375368331	2.9258466827199	"WinterWheat"	4	0
1976	608	3	2.72094920453641	3.43254738467544	"WinterWheat"	4	0
1977	608	3	3.96177507315891	3.60739232700905	"WinterWheat"	4	0
1978	608	3	3.03969051450279	3.02089246056121	"WinterWheat"	4	0
1979	608	3	3.1179714806782	3.01062401116979	"WinterWheat"	4	0
1980	608	3	3.44018821040736	3.24479784494369	"WinterWheat"	4	0
1951	701	1	3.15786946985363	3.58327036668449	"WinterWheat"	4	0
1952	701	1	3.19416002032565	3.60154540185925	"WinterWheat"	4	0
1953	701	1	2.64397144493503	3.24743007873079	"WinterWheat"	4	0
1954	701	1	2.99572798561281	3.56022715055327	"WinterWheat"	4	0
1955	701	1	3.28729143172302	3.65772213308338	"WinterWheat"	4	0
1956	701	1	3.12245315851231	3.56578155625812	"WinterWheat"	4	0
1957	701	1	3.07365298518525	3.514798297815	"WinterWheat"	4	0
1958	701	1	2.95201403634993	3.41874743049668	"WinterWheat"	4	0
1959	701	1	2.2421255654778	3.57964768644543	"WinterWheat"	4	0
1960	701	1	3.53221603497398	3.57053648136135	"WinterWheat"	4	0
1961	701	1	3.13071985053147	3.16778070630546	"WinterWheat"	4	0
1962	701	1	2.95802218609672	3.55636820234219	"WinterWheat"	4	0
1963	701	1	3.86943041768074	3.07437055309618	"WinterWheat"	4	0
1964	701	1	3.08543755957614	3.53161627285873	"WinterWheat"	4	0
1965	701	1	3.01652670511467	3.35861009792388	"WinterWheat"	4	0
1966	701	1	3.04354756723335	3.19611372185814	"WinterWheat"	4	0
1967	701	1	2.99408122361343	3.28990364482724	"WinterWheat"	4	0
1968	701	1	3.27279965386824	3.35643294272607	"WinterWheat"	4	0
1969	701	1	3.80690260126398	3.78687503981673	"WinterWheat"	4	0
1970	701	1	3.83492734800734	3.43676358811269	"WinterWheat"	4	0
1971	701	1	2.912540475625	3.44822501250862	"WinterWheat"	4	0
1972	701	1	3.26051902192698	3.58718318943357	"WinterWheat"	4	0
1973	701	1	3.52905724320724	3.57805748066453	"WinterWheat"	4	0
1974	701	1	3.55063696879025	3.2879899890711	"WinterWheat"	4	0
1975	701	1	2.69230270760113	3.04062020968681	"WinterWheat"	4	0
1976	701	1	2.83166235163814	3.64184930809434	"WinterWheat"	4	0
1977	701	1	3.8505765357643	3.76026294379287	"WinterWheat"	4	0
1978	701	1	2.97766832216791	3.20207539592498	"WinterWheat"	4	0
1979	701	1	3.15241708218706	3.19125556518125	"WinterWheat"	4	0
1980	701	1	3.43582441810662	3.46997613287757	"WinterWheat"	4	0
1951	706	2	3.32750992847699	3.60991445266425	"WinterWheat"	4	0
1952	706	2	3.28940740977722	3.63394520589741	"WinterWheat"	4	0
1953	706	2	2.69499960261629	3.238164431198	"WinterWheat"	4	0
1954	706	2	3.11343900665097	3.61148584034362	"WinterWheat"	4	0
1955	706	2	3.38407418726064	3.6834533201877	"WinterWheat"	4	0
1956	706	2	3.1517746218662	3.59783872389317	"WinterWheat"	4	0
1957	706	2	3.2263115102192	3.49135045878382	"WinterWheat"	4	0
1958	706	2	3.02680459745761	3.43817808153566	"WinterWheat"	4	0
1959	706	2	2.1121545310891	3.55235646993863	"WinterWheat"	4	0
1960	706	2	3.75347033648008	3.62787093471503	"WinterWheat"	4	0
1961	706	2	3.30165803404488	3.1888431941456	"WinterWheat"	4	0
1962	706	2	3.03620091826204	3.63750633226851	"WinterWheat"	4	0
1963	706	2	4.2834747319598	3.1384269823395	"WinterWheat"	4	0
1964	706	2	3.2421616710154	3.5779808087565	"WinterWheat"	4	0
1965	706	2	3.14021695857302	3.38949796637318	"WinterWheat"	4	0
1966	706	2	3.18278926643424	3.26035487684186	"WinterWheat"	4	0
1967	706	2	3.17105336364624	3.29395954252691	"WinterWheat"	4	0
1968	706	2	3.46647764622584	3.37700101787627	"WinterWheat"	4	0
1969	706	2	4.17378522614938	3.80741490452293	"WinterWheat"	4	0
1970	706	2	4.19088554433866	3.47781314029058	"WinterWheat"	4	0
1971	706	2	3.01587505880764	3.49071502994302	"WinterWheat"	4	0
1972	706	2	3.54617060435185	3.64037817183346	"WinterWheat"	4	0
1973	706	2	3.82312697712502	3.61695219062048	"WinterWheat"	4	0
1974	706	2	3.68169331242861	3.21126038320887	"WinterWheat"	4	0
1975	706	2	2.6883412928206	2.94701502357638	"WinterWheat"	4	0
1976	706	2	2.86910027514968	3.67251520614513	"WinterWheat"	4	0
1977	706	2	4.24474336432807	3.8079213678725	"WinterWheat"	4	0
1978	706	2	3.06977394771944	3.2528255529424	"WinterWheat"	4	0
1979	706	2	3.3052307456026	3.25591668706764	"WinterWheat"	4	0
1980	706	2	3.64081952837104	3.50839614874	"WinterWheat"	4	0
1951	708	3	3.26041372648581	3.51370842060214	"WinterWheat"	4	0
1952	708	3	3.16474548569238	3.48878371592063	"WinterWheat"	4	0
1953	708	3	2.65715438592395	3.15803557640575	"WinterWheat"	4	0
1954	708	3	3.07495759611759	3.51933602204521	"WinterWheat"	4	0
1955	708	3	3.28851084711574	3.66405647477674	"WinterWheat"	4	0
1956	708	3	3.01945328766428	3.51647382752564	"WinterWheat"	4	0
1957	708	3	3.16230386192702	3.39149261547804	"WinterWheat"	4	0
1958	708	3	2.92430277380231	3.39368855852402	"WinterWheat"	4	0
1959	708	3	1.95593331783994	3.4625637237528	"WinterWheat"	4	0
1960	708	3	3.70204505781178	3.58558826292067	"WinterWheat"	4	0
1961	708	3	3.21469901064511	3.12745325692872	"WinterWheat"	4	0
1962	708	3	2.99338604601927	3.52776690726986	"WinterWheat"	4	0
1963	708	3	4.27913802832567	3.10794180629484	"WinterWheat"	4	0
1964	708	3	3.09922089556264	3.46713816113654	"WinterWheat"	4	0
1965	708	3	3.08634305378042	3.27204435319286	"WinterWheat"	4	0
1966	708	3	3.21111232889719	3.23369730497824	"WinterWheat"	4	0
1967	708	3	3.0884564035174	3.23529479793235	"WinterWheat"	4	0
1968	708	3	3.44060320630037	3.29132371072548	"WinterWheat"	4	0
1969	708	3	4.15995585197999	3.7664762932964	"WinterWheat"	4	0
1970	708	3	4.1368436543351	3.44484123947416	"WinterWheat"	4	0
1971	708	3	3.02370854805795	3.40728635215795	"WinterWheat"	4	0
1972	708	3	3.55346042146573	3.5738018160026	"WinterWheat"	4	0
1973	708	3	3.77377448211779	3.53409081875368	"WinterWheat"	4	0
1974	708	3	3.55661177047556	3.06395231210574	"WinterWheat"	4	0
1975	708	3	2.54740850630965	2.84380558598027	"WinterWheat"	4	0
1976	708	3	2.74691335274986	3.64395100170393	"WinterWheat"	4	0
1977	708	3	4.25214784582532	3.75513995752784	"WinterWheat"	4	0
1978	708	3	2.99008066324032	3.16246167157875	"WinterWheat"	4	0
1979	708	3	3.2196487922055	3.22813979789965	"WinterWheat"	4	0
1980	708	3	3.5166442080182	3.42956712323801	"WinterWheat"	4	0
1981	201	1	5.846153846	3.627987692	"SpringBarley"	0	0
1982	201	1	5.045333333	4.44792	"SpringBarley"	0	0
1983	201	1	3.395333333	2.720166667	"SpringBarley"	0	0
1984	201	1	3.53255814	3.197751938	"SpringBarley"	0	0
1985	201	1	2.803617571	4.225	"SpringBarley"	0	0
1986	201	1	2.379069767	3.394224806	"SpringBarley"	0	0
1988	201	1	2.240497478	2.718768303	"SpringBarley"	0	0
1989	201	1	2.321706121	3.760879034	"SpringBarley"	0	0
1990	201	1	2.389716156	3.925055089	"SpringBarley"	0	0
1991	201	1	3.048769568	4.080756676	"SpringBarley"	0	0
1992	201	1	2.488014123	2.266014912	"SpringBarley"	0	0
1993	201	1	2.770670474	3.369091739	"SpringBarley"	0	0
1994	201	1	3.86024484	3.912058573	"SpringBarley"	0	0
1995	201	1	3.298755781	3.964724588	"SpringBarley"	0	0
1996	201	1	3.388636951	4.477350247	"SpringBarley"	0	0
1997	201	1	3.498199114	4.086721627	"SpringBarley"	0	0
1998	201	1	2.259750915	3.760108495	"SpringBarley"	0	0
1999	201	1	3.49782403294743	4.69540084787979	"SpringBarley"	0	0
2000	201	1	4.79	5.25	"WinterWheat"	0	0
2001	201	1	3.75	4.11	"WinterWheat"	0	0
2002	201	1	3.61	3.72	"WinterWheat"	0	0
2004	201	1	1.969418445	4.389774288	"SpringBarley"	0	0
2005	201	1	2.894934273	4.653288964	"SpringBarley"	0	0
2006	201	1	2.53993868	4.288055683	"SpringBarley"	0	0
2007	201	1	3.466291413	3.38430838	"SpringBarley"	0	0
2008	201	1	2.1422991330465	3.137509347199	"SpringWheat"	0	0.77
2009	201	1	4.171833738	5.574966449	"SpringBarley"	0	0
2010	201	1	3.410643628	4.250167947	"SpringBarley"	0	0
2011	201	1	2.38905292	5.102186607	"SpringBarley"	0	0
2012	201	1	3.17397205	5.021098247	"SpringBarley"	0	0
2014	201	1	3.227283203	4.954691875	"SpringBarley"	0	0
2015	201	1	4.636743032	6.01659602	"SpringBarley"	0	0
2016	201	1	2.900028883	3.809749541	"SpringBarley"	0	0
2017	201	1	2.115	4.1	"SpringBarley"	0	0
2018	201	1	1.056	1.763	"SpringBarley"	0	0
2019	201	1	4.157172751	5.269149903	"SpringBarley"	0	0
1981	206	2	5.569723077	3.758461538	"SpringBarley"	8	0
1982	206	2	4.296533333	3.596893333	"SpringBarley"	8	0
1983	206	2	3.4884	2.765333333	"SpringBarley"	8	0
1984	206	2	3.565116279	3.023578811	"SpringBarley"	8	0
1985	206	2	3.286821705	3.878449612	"SpringBarley"	8	0
1986	206	2	2.290956072	3.379360465	"SpringBarley"	8	0
1988	206	2	2.778378742	2.722725289	"SpringBarley"	8	0
1989	206	2	1.862595681	3.734708913	"SpringBarley"	8	0
1990	206	2	2.667023846	3.827284892	"SpringBarley"	8	0
1991	206	2	3.112425287	4.460463553	"SpringBarley"	8	0
1992	206	2	2.063266536	2.315010992	"SpringBarley"	8	0
1993	206	2	2.463549188	3.730829313	"SpringBarley"	8	0
1994	206	2	3.786489464	4.41234895	"SpringBarley"	8	0
1995	206	2	3.657203382	4.484181572	"SpringBarley"	8	0
1996	206	2	3.374959661	4.300448511	"SpringBarley"	8	0
1997	206	2	3.338834112	3.70684621	"SpringBarley"	8	0
1998	206	2	2.607527168	3.258383188	"SpringBarley"	8	0
1999	206	2	3.64092242569197	4.83669893412959	"SpringBarley"	0	0
2000	206	2	5.52	5.45	"WinterWheat"	0	0
2001	206	2	4.03	4.52	"WinterWheat"	0	0
2002	206	2	4.17	4.62	"WinterWheat"	0	0
2004	206	2	1.883993188	4.863342799	"SpringBarley"	8	0
2005	206	2	3.53822688	4.900727833	"SpringBarley"	8	0
2006	206	2	2.451590862	4.235172867	"SpringBarley"	8	0
2007	206	2	3.97209631	4.189162067	"SpringBarley"	8	0
2008	206	2	2.11510926873276	3.46691087747159	"SpringWheat"	0	0.77
2009	206	2	4.770441881	6.188078183	"SpringBarley"	8	0
2010	206	2	3.395720679	5.030465714	"SpringBarley"	8	0
2011	206	2	2.90421688	5.891876675	"SpringBarley"	8	0
2012	206	2	2.788148522	4.734619885	"SpringBarley"	8	0
2014	206	2	3.197326501	4.906127251	"SpringBarley"	8	0
2015	206	2	4.937659116	6.28047028	"SpringBarley"	8	0
2016	206	2	3.700924376	4.53727034	"SpringBarley"	8	0
2017	206	2	2.554	4.875	"SpringBarley"	8	0
2018	206	2	2.025	2.222	"SpringBarley"	8	0
2019	206	2	3.745602474	5.241064203	"SpringBarley"	8	0
1981	208	3	5.199384615	3.630153846	"SpringBarley"	4	0
1982	208	3	4.424	4.39984	"SpringBarley"	4	0
1983	208	3	3.153333333	2.675866667	"SpringBarley"	4	0
1984	208	3	3.293023256	3.325581395	"SpringBarley"	4	0
1985	208	3	3.594315245	3.837196382	"SpringBarley"	4	0
1986	208	3	2.047803618	3.33751938	"SpringBarley"	4	0
1988	208	3	2.53436465	2.599202253	"SpringBarley"	4	0
1989	208	3	1.974159013	3.747333709	"SpringBarley"	4	0
1990	208	3	2.453434549	3.684647086	"SpringBarley"	4	0
1991	208	3	3.355689342	4.033765996	"SpringBarley"	4	0
1992	208	3	2.459096509	2.311136412	"SpringBarley"	4	0
1993	208	3	2.293100527	3.190942746	"SpringBarley"	4	0
1994	208	3	3.790990378	4.291224756	"SpringBarley"	4	0
1995	208	3	2.734962042	3.454263191	"SpringBarley"	4	0
1996	208	3	3.474587804	4.429791098	"SpringBarley"	4	0
1997	208	3	3.154776546	3.706940294	"SpringBarley"	4	0
1998	208	3	2.550112094	3.389644151	"SpringBarley"	4	0
1999	208	3	3.82317313543027	4.72114453464709	"SpringBarley"	0	0
2000	208	3	5.42	5.1	"WinterWheat"	0	0
2001	208	3	3.7	3.8	"WinterWheat"	0	0
2002	208	3	4.13	4.44	"WinterWheat"	0	0
2004	208	3	2.568304611	4.894876212	"SpringBarley"	4	0
2005	208	3	4.368237501	4.135375563	"SpringBarley"	4	0
2006	208	3	2.64582353	4.010216134	"SpringBarley"	4	0
2007	208	3	4.172129831	3.999356399	"SpringBarley"	4	0
2008	208	3	1.90745955764796	3.19607697567647	"SpringWheat"	0	0.77
2009	208	3	3.544555173	6.158040841	"SpringBarley"	4	0
2010	208	3	4.360204429	5.013341552	"SpringBarley"	4	0
2011	208	3	3.217670253	5.743531212	"SpringBarley"	4	0
2012	208	3	2.792132936	5.255989256	"SpringBarley"	4	0
2014	208	3	2.715797804	4.749610966	"SpringBarley"	4	0
2015	208	3	4.888441402	6.126439326	"SpringBarley"	4	0
2016	208	3	4.73563014	3.875154174	"SpringBarley"	4	0
2017	208	3	2.557	4.536	"SpringBarley"	4	0
2018	208	3	1.491	1.947	"SpringBarley"	4	0
2019	208	3	3.63655445	5.071208754	"SpringBarley"	4	0
1981	301	1	4.325538462	3.609230769	"SpringBarley"	4	0
1982	301	1	4.648	4.354186667	"SpringBarley"	4	0
1983	301	1	2.901066667	2.806813333	"SpringBarley"	4	0
1984	301	1	3.125581395	3.286782946	"SpringBarley"	4	0
1985	301	1	3.096640827	3.721750646	"SpringBarley"	4	0
1986	301	1	2.211627907	3.35372093	"SpringBarley"	4	0
1988	301	1	2.524624818	2.60040189	"SpringBarley"	4	0
1989	301	1	2.120227853	3.982707028	"SpringBarley"	4	0
1990	301	1	2.710396611	4.168976434	"SpringBarley"	4	0
1991	301	1	3.309971635	2.691179554	"SpringBarley"	4	0
1992	301	1	2.528369489	2.384016348	"SpringBarley"	4	0
1993	301	1	3.040523677	3.801668886	"SpringBarley"	4	0
1994	301	1	3.644331478	4.01761989	"SpringBarley"	4	0
1995	301	1	2.998272132	4.161307971	"SpringBarley"	4	0
1996	301	1	3.066542445	4.596790907	"SpringBarley"	4	0
1997	301	1	3.401200713	3.970292287	"SpringBarley"	4	0
1998	301	1	2.60389278	3.674806085	"SpringBarley"	4	0
1999	301	1	3.64566346026179	4.68777850207512	"SpringBarley"	0	0
2000	301	1	4.99	5.29	"WinterWheat"	0	0
2001	301	1	4.25	4.26	"WinterWheat"	0	0
2002	301	1	3.94	4.32	"WinterWheat"	0	0
2004	301	1	3.308886812	4.948790909	"SpringBarley"	4	0
2005	301	1	3.562335302	4.608503406	"SpringBarley"	4	0
2006	301	1	2.198010423	4.410331503	"SpringBarley"	4	0
2007	301	1	3.120297901	3.881384965	"SpringBarley"	4	0
2008	301	1	1.59464382233318	3.13551141243018	"SpringWheat"	0	0.77
2009	301	1	3.822672554	6.046696751	"SpringBarley"	4	0
2010	301	1	3.865775402	5.000518519	"SpringBarley"	4	0
2011	301	1	3.050287016	5.665988562	"SpringBarley"	4	0
2012	301	1	2.647397829	5.233789109	"SpringBarley"	4	0
2014	301	1	3.368241141	4.742856543	"SpringBarley"	4	0
2015	301	1	3.424121115	5.043104911	"SpringBarley"	4	0
2016	301	1	4.010143266	3.703782817	"SpringBarley"	4	0
2017	301	1	2.277	4.133	"SpringBarley"	4	0
2018	301	1	1.432	1.682	"SpringBarley"	4	0
2019	301	1	4.726017456	5.978786139	"SpringBarley"	4	0
1981	306	2	4.548923077	3.392307692	"SpringBarley"	12	0
1982	306	2	3.9928	4.033613333	"SpringBarley"	12	0
1983	306	2	2.88	2.59576	"SpringBarley"	12	0
1984	306	2	3.646511628	3.03619509	"SpringBarley"	12	0
1985	306	2	3.420413437	3.501808786	"SpringBarley"	12	0
1986	306	2	2.07751938	3.213998708	"SpringBarley"	12	0
1988	306	2	1.827362941	2.508422858	"SpringBarley"	12	0
1989	306	2	1.881549804	3.392260132	"SpringBarley"	12	0
1990	306	2	2.748180022	3.965061136	"SpringBarley"	12	0
1991	306	2	3.456462812	4.306327515	"SpringBarley"	12	0
1992	306	2	1.604468951	2.146177351	"SpringBarley"	12	0
1993	306	2	3.131310492	3.4125736	"SpringBarley"	12	0
1994	306	2	3.776324063	4.675615002	"SpringBarley"	12	0
1995	306	2	3.25922194	4.257606004	"SpringBarley"	12	0
1996	306	2	3.588030741	4.687231988	"SpringBarley"	12	0
1997	306	2	3.321850384	3.816997636	"SpringBarley"	12	0
1998	306	2	2.881212496	3.704932667	"SpringBarley"	12	0
1999	306	2	3.59883755108718	4.73612779324252	"SpringBarley"	0	0
2000	306	2	5.43	5.89	"WinterWheat"	0	0
2001	306	2	4.35	4.24	"WinterWheat"	0	0
2002	306	2	3.92	4.37	"WinterWheat"	0	0
2004	306	2	3.002692825	4.506731984	"SpringBarley"	12	0
2005	306	2	3.664782935	5.064141242	"SpringBarley"	12	0
2006	306	2	2.046793773	4.133462661	"SpringBarley"	12	0
2007	306	2	2.447832204	3.912913721	"SpringBarley"	12	0
2008	306	2	1.90666973750247	3.39820833771305	"SpringWheat"	0	0.77
2009	306	2	4.372491215	5.882015632	"SpringBarley"	12	0
2010	306	2	3.72954903	4.773906436	"SpringBarley"	12	0
2011	306	2	3.949066513	6.356715761	"SpringBarley"	12	0
2012	306	2	3.249322422	5.346877391	"SpringBarley"	12	0
2014	306	2	3.220870017	4.749922617	"SpringBarley"	12	0
2015	306	2	3.18009828	4.447387654	"SpringBarley"	12	0
2016	306	2	3.898389157	4.659493289	"SpringBarley"	12	0
2017	306	2	2.667	4.705	"SpringBarley"	12	0
2018	306	2	1.706	2.505	"SpringBarley"	12	0
2019	306	2	4.32842733	5.301322496	"SpringBarley"	12	0
1981	308	3	4.511015385	3.268461538	"SpringBarley"	8	0
1982	308	3	4.013866667	3.903253333	"SpringBarley"	8	0
1983	308	3	2.9988	2.493333333	"SpringBarley"	8	0
1984	308	3	3.33875969	2.957609819	"SpringBarley"	8	0
1985	308	3	3.286821705	3.418294574	"SpringBarley"	8	0
1986	308	3	2.026614987	3.152267442	"SpringBarley"	8	0
1988	308	3	2.379514517	2.511019912	"SpringBarley"	8	0
1989	308	3	2.293209787	3.585634024	"SpringBarley"	8	0
1990	308	3	2.565522947	3.63408402	"SpringBarley"	8	0
1991	308	3	3.951517659	3.82820465	"SpringBarley"	8	0
1992	308	3	1.630517408	2.072969535	"SpringBarley"	8	0
1993	308	3	2.505143333	3.143665498	"SpringBarley"	8	0
1994	308	3	3.35165868	4.206226432	"SpringBarley"	8	0
1995	308	3	2.903773452	3.988389277	"SpringBarley"	8	0
1996	308	3	3.217233251	4.262154185	"SpringBarley"	8	0
1997	308	3	3.03242728	3.607968269	"SpringBarley"	8	0
1998	308	3	2.385759126	2.85411287	"SpringBarley"	8	0
1999	308	3	3.45431402429474	4.55073425994163	"SpringBarley"	0	0
2000	308	3	5.5	5.35	"WinterWheat"	0	0
2001	308	3	4.2	4.24	"WinterWheat"	0	0
2002	308	3	4.14	4.34	"WinterWheat"	0	0
2004	308	3	3.355108126	4.512314127	"SpringBarley"	8	0
2005	308	3	2.700565874	4.183895067	"SpringBarley"	8	0
2006	308	3	1.877347136	3.670458329	"SpringBarley"	8	0
2007	308	3	3.365794587	3.690333506	"SpringBarley"	8	0
2008	308	3	1.9779845313718	3.12297184200235	"SpringWheat"	0	0.77
2009	308	3	3.361427238	5.938005263	"SpringBarley"	8	0
2010	308	3	3.577524377	4.934356511	"SpringBarley"	8	0
2011	308	3	2.935160233	6.33566742	"SpringBarley"	8	0
2012	308	3	2.524363764	5.339120406	"SpringBarley"	8	0
2014	308	3	2.836814193	4.502735202	"SpringBarley"	8	0
2015	308	3	3.542786482	4.962335526	"SpringBarley"	8	0
2016	308	3	3.564654555	4.562373378	"SpringBarley"	8	0
2017	308	3	2.435	4.814	"SpringBarley"	8	0
2018	308	3	1.056	1.983	"SpringBarley"	8	0
2019	308	3	4.08856473	5.508745505	"SpringBarley"	8	0
1981	601	1	4.372923077	3.381538462	"SpringBarley"	8	0
1982	601	1	4.126933333	4.01672	"SpringBarley"	8	0
1983	601	1	2.3868	2.538666667	"SpringBarley"	8	0
1984	601	1	3.848062016	3.2599677	"SpringBarley"	8	0
1985	601	1	2.739018088	3.845581395	"SpringBarley"	8	0
1986	601	1	2.51124031	3.514534884	"SpringBarley"	8	0
1988	601	1	2.133079254	2.654218516	"SpringBarley"	8	0
1989	601	1	2.270243451	3.962035667	"SpringBarley"	8	0
1990	601	1	2.876639964	4.102063647	"SpringBarley"	8	0
1991	601	1	3.044073946	4.26024977	"SpringBarley"	8	0
1992	601	1	2.020128393	2.483770489	"SpringBarley"	8	0
1993	601	1	2.833530106	3.604737473	"SpringBarley"	8	0
1994	601	1	3.983564632	4.417453885	"SpringBarley"	8	0
1995	601	1	3.157214786	3.533355338	"SpringBarley"	8	0
1996	601	1	3.702312205	4.580938886	"SpringBarley"	8	0
1997	601	1	3.337721298	3.963547105	"SpringBarley"	8	0
1998	601	1	2.551770211	3.785358296	"SpringBarley"	8	0
1999	601	1	3.64533691419317	4.64478433081378	"SpringBarley"	0	0
2000	601	1	5.14	5.57	"WinterWheat"	0	0
2001	601	1	4.09	4.28	"WinterWheat"	0	0
2002	601	1	3.23	3.82	"WinterWheat"	0	0
2004	601	1	2.826008732	4.763612348	"SpringBarley"	8	0
2005	601	1	2.94428719	4.59030143	"SpringBarley"	8	0
2006	601	1	1.828824655	4.345522319	"SpringBarley"	8	0
2007	601	1	2.831151122	3.784496041	"SpringBarley"	8	0
2008	601	1	2.50403772531023	3.84980084097249	"SpringWheat"	0	0.77
2009	601	1	3.877249837	5.813089699	"SpringBarley"	8	0
2010	601	1	3.817386759	5.038315345	"SpringBarley"	8	0
2011	601	1	3.269823988	5.271418923	"SpringBarley"	8	0
2012	601	1	3.488848157	4.932351269	"SpringBarley"	8	0
2014	601	1	2.467472638	4.604599902	"SpringBarley"	8	0
2015	601	1	3.12945856	4.390866476	"SpringBarley"	8	0
2016	601	1	3.74988337	4.125618366	"SpringBarley"	8	0
2017	601	1	1.923	4.273	"SpringBarley"	8	0
2018	601	1	1.74	2.732	"SpringBarley"	8	0
2019	601	1	4.181744551	5.404182582	"SpringBarley"	8	0
1981	606	2	5.097846154	3.687286154	"SpringBarley"	0	0
1982	606	2	5.234533333	4.58584	"SpringBarley"	0	0
1983	606	2	3.086666667	2.691533333	"SpringBarley"	0	0
1984	606	2	3.646511628	3.483953488	"SpringBarley"	0	0
1985	606	2	3.364341085	3.886563307	"SpringBarley"	0	0
1986	606	2	2.467183463	3.746098191	"SpringBarley"	0	0
1988	606	2	2.124564176	2.791373876	"SpringBarley"	0	0
1989	606	2	1.436862181	3.447891667	"SpringBarley"	0	0
1990	606	2	2.683041541	4.140769588	"SpringBarley"	0	0
1991	606	2	3.141723376	4.386798745	"SpringBarley"	0	0
1992	606	2	1.635886177	1.99259411	"SpringBarley"	0	0
1993	606	2	2.823191357	3.650347078	"SpringBarley"	0	0
1994	606	2	3.799438804	4.527364542	"SpringBarley"	0	0
1995	606	2	3.781213129	4.210476823	"SpringBarley"	0	0
1996	606	2	3.785934344	4.57333766	"SpringBarley"	0	0
1997	606	2	3.162496976	4.011229478	"SpringBarley"	0	0
1998	606	2	2.193325742	3.79386842	"SpringBarley"	0	0
1999	606	2	4.205112080824	5.05064264759352	"SpringBarley"	0	0
2000	606	2	4.95	5.13	"WinterWheat"	0	0
2001	606	2	3.97	3.99	"WinterWheat"	0	0
2002	606	2	3.97	4.28	"WinterWheat"	0	0
2004	606	2	3.12657298	4.859785095	"SpringBarley"	0	0
2005	606	2	4.056971571	4.634957469	"SpringBarley"	0	0
2006	606	2	2.795724758	4.305734234	"SpringBarley"	0	0
2007	606	2	2.775451819	3.760923894	"SpringBarley"	0	0
2008	606	2	1.77573904694185	2.72064837524895	"SpringWheat"	0	0.77
2009	606	2	4.013288856	5.719267434	"SpringBarley"	0	0
2010	606	2	4.390507264	4.523988818	"SpringBarley"	0	0
2011	606	2	3.489694804	5.890711884	"SpringBarley"	0	0
2012	606	2	3.302838491	5.294337213	"SpringBarley"	0	0
2014	606	2	3.749190391	5.250733472	"SpringBarley"	0	0
2015	606	2	3.666479918	4.640824957	"SpringBarley"	0	0
2016	606	2	4.600083821	3.385288417	"SpringBarley"	0	0
2017	606	2	2.474	3.332	"SpringBarley"	0	0
2018	606	2	1.593	1.747	"SpringBarley"	0	0
2019	606	2	3.872874664	6.217778308	"SpringBarley"	0	0
1981	608	3	4.691076923	3.278326154	"SpringBarley"	12	0
1982	608	3	4.1664	3.92506	"SpringBarley"	12	0
1983	608	3	2.46	2.3288	"SpringBarley"	12	0
1984	608	3	3.53255814	2.94251938	"SpringBarley"	12	0
1985	608	3	3.14005168	3.178985788	"SpringBarley"	12	0
1986	608	3	2.07751938	3.127280362	"SpringBarley"	12	0
1988	608	3	1.871266394	2.373796028	"SpringBarley"	12	0
1989	608	3	1.755468308	3.482006306	"SpringBarley"	12	0
1990	608	3	2.728160644	3.757021276	"SpringBarley"	12	0
1991	608	3	3.86013389	4.106880599	"SpringBarley"	12	0
1992	608	3	1.553277415	1.865745071	"SpringBarley"	12	0
1993	608	3	2.478845891	2.78522925	"SpringBarley"	12	0
1994	608	3	3.948495081	4.321035262	"SpringBarley"	12	0
1995	608	3	2.839253677	3.463802594	"SpringBarley"	12	0
1996	608	3	3.439264422	4.187167437	"SpringBarley"	12	0
1997	608	3	2.63232926	3.373736297	"SpringBarley"	12	0
1998	608	3	2.497910762	3.299722105	"SpringBarley"	12	0
1999	608	3	3.41122511353123	4.61788099380816	"SpringBarley"	0	0
2000	608	3	5.52	5.15	"WinterWheat"	0	0
2001	608	3	4.09	4.18	"WinterWheat"	0	0
2002	608	3	4.11	4.42	"WinterWheat"	0	0
2004	608	3	2.886022646	4.427706839	"SpringBarley"	12	0
2005	608	3	2.983159182	4.562943509	"SpringBarley"	12	0
2006	608	3	2.00414477	3.745891024	"SpringBarley"	12	0
2007	608	3	2.786151106	3.832667086	"SpringBarley"	12	0
2008	608	3	2.2206978755878	3.40409220664167	"SpringWheat"	0	0.77
2009	608	3	4.19382803	5.650216091	"SpringBarley"	12	0
2010	608	3	3.369819105	4.837196913	"SpringBarley"	12	0
2011	608	3	3.379499661	5.7493242	"SpringBarley"	12	0
2012	608	3	3.286731852	4.926533782	"SpringBarley"	12	0
2014	608	3	3.393154849	4.744991538	"SpringBarley"	12	0
2015	608	3	3.472574048	4.564087167	"SpringBarley"	12	0
2016	608	3	2.845513612	4.568169568	"SpringBarley"	12	0
2017	608	3	2.867	4.356	"SpringBarley"	12	0
2018	608	3	1.47	2.885	"SpringBarley"	12	0
2019	608	3	3.700323738	5.396579897	"SpringBarley"	12	0
1981	701	1	3.790769231	3.354313846	"SpringBarley"	12	0
1982	701	1	4.34	4.347846667	"SpringBarley"	12	0
1983	701	1	3	2.51624	"SpringBarley"	12	0
1984	701	1	3.361627907	3.014153747	"SpringBarley"	12	0
1985	701	1	3.308268734	3.5674677	"SpringBarley"	12	0
1986	701	1	2.683462532	3.50125323	"SpringBarley"	12	0
1988	701	1	2.245906095	2.506791333	"SpringBarley"	12	0
1989	701	1	2.00049902	4.070634915	"SpringBarley"	12	0
1990	701	1	2.729785488	3.852181633	"SpringBarley"	12	0
1991	701	1	3.872556408	3.929856878	"SpringBarley"	12	0
1992	701	1	2.055361793	2.141982083	"SpringBarley"	12	0
1993	701	1	3.159996655	3.424350889	"SpringBarley"	12	0
1994	701	1	3.784518078	4.29694114	"SpringBarley"	12	0
1995	701	1	3.015708471	4.199321717	"SpringBarley"	12	0
1996	701	1	3.482275241	4.629875638	"SpringBarley"	12	0
1997	701	1	3.073718581	3.7916102	"SpringBarley"	12	0
1998	701	1	2.477152704	3.394281141	"SpringBarley"	12	0
1999	701	1	3.48974076681843	4.41684484270823	"SpringBarley"	0	0
2000	701	1	4.99	5.87	"WinterWheat"	0	0
2001	701	1	4.1	4.28	"WinterWheat"	0	0
2002	701	1	3.76	4.29	"WinterWheat"	0	0
2004	701	1	2.192144883	4.681449331	"SpringBarley"	12	0
2005	701	1	2.246949515	4.265746222	"SpringBarley"	12	0
2006	701	1	2.383834599	3.810058065	"SpringBarley"	12	0
2007	701	1	3.067979151	3.680687035	"SpringBarley"	12	0
2008	701	1	2.59578746459091	3.4851859001036	"SpringWheat"	0	0.77
2009	701	1	4.180259319	6.035378713	"SpringBarley"	12	0
2010	701	1	2.555189991	4.40171883	"SpringBarley"	12	0
2011	701	1	3.555588222	5.064343094	"SpringBarley"	12	0
2012	701	1	2.802293271	3.828579545	"SpringBarley"	12	0
2014	701	1	2.9919218	3.915079675	"SpringBarley"	12	0
2015	701	1	3.550312099	4.61165369	"SpringBarley"	12	0
2016	701	1	3.479743702	3.702253	"SpringBarley"	12	0
2017	701	1	2.246	3.718	"SpringBarley"	12	0
2018	701	1	1.586	2.687	"SpringBarley"	12	0
2019	701	1	3.785130938	4.8540131	"SpringBarley"	12	0
1981	706	2	4.849846154	3.305846154	"SpringBarley"	4	0
1982	706	2	4.704	4.4512	"SpringBarley"	4	0
1983	706	2	2.964133333	2.63032	"SpringBarley"	4	0
1984	706	2	3.572093023	3.236899225	"SpringBarley"	4	0
1985	706	2	2.930749354	3.562325581	"SpringBarley"	4	0
1986	706	2	2.580232558	3.704754522	"SpringBarley"	4	0
1988	706	2	1.929379336	2.469343723	"SpringBarley"	4	0
1989	706	2	2.32690978	4.014121039	"SpringBarley"	4	0
1990	706	2	2.734379477	3.794591038	"SpringBarley"	4	0
1991	706	2	3.164017214	4.262345174	"SpringBarley"	4	0
1992	706	2	2.016839514	2.157583417	"SpringBarley"	4	0
1993	706	2	3.185083805	3.635167724	"SpringBarley"	4	0
1994	706	2	4.592093381	4.631782207	"SpringBarley"	4	0
1995	706	2	3.287779219	4.083839615	"SpringBarley"	4	0
1996	706	2	3.287211875	4.245505303	"SpringBarley"	4	0
1997	706	2	3.228639714	3.563234062	"SpringBarley"	4	0
1998	706	2	2.537012464	3.426474548	"SpringBarley"	4	0
1999	706	2	3.92770016092722	4.80123944519131	"SpringBarley"	0	0
2000	706	2	5.2	5.32	"WinterWheat"	0	0
2001	706	2	4.22	4.22	"WinterWheat"	0	0
2002	706	2	3.8	4.23	"WinterWheat"	0	0
2004	706	2	2.278985776	4.712120537	"SpringBarley"	4	0
2005	706	2	3.259975598	4.203849001	"SpringBarley"	4	0
2006	706	2	2.457997978	4.026433036	"SpringBarley"	4	0
2007	706	2	3.687202991	3.909581829	"SpringBarley"	4	0
2008	706	2	1.8306917306459	2.61317571791661	"SpringWheat"	0	0.77
2009	706	2	5.132529847	5.53323161	"SpringBarley"	4	0
2010	706	2	3.451806171	4.607039078	"SpringBarley"	4	0
2011	706	2	4.62794245	5.623188128	"SpringBarley"	4	0
2012	706	2	2.945389463	4.490276769	"SpringBarley"	4	0
2014	706	2	3.261839821	4.710792575	"SpringBarley"	4	0
2015	706	2	4.354593364	5.263883599	"SpringBarley"	4	0
2016	706	2	6.023040471	3.198444118	"SpringBarley"	4	0
2017	706	2	2.789	4.097	"SpringBarley"	4	0
2018	706	2	1.421	2.011	"SpringBarley"	4	0
2019	706	2	4.298656126	4.248071229	"SpringBarley"	4	0
1981	708	3	4.770461538	3.504	"SpringBarley"	0	0
1982	708	3	5.234533333	4.718013333	"SpringBarley"	0	0
1983	708	3	2.469333333	2.445286667	"SpringBarley"	0	0
1984	708	3	3.190697674	3.445426357	"SpringBarley"	0	0
1985	708	3	3.196124031	3.782848837	"SpringBarley"	0	0
1986	708	3	2.51124031	3.724444444	"SpringBarley"	0	0
1988	708	3	2.227821047	2.366541054	"SpringBarley"	0	0
1989	708	3	1.759211937	3.694706366	"SpringBarley"	0	0
1990	708	3	2.835461045	3.627935161	"SpringBarley"	0	0
1991	708	3	3.443255116	4.029008906	"SpringBarley"	0	0
1992	708	3	2.085063372	2.181399686	"SpringBarley"	0	0
1993	708	3	2.601666995	3.356062134	"SpringBarley"	0	0
1994	708	3	3.845623037	4.227188086	"SpringBarley"	0	0
1995	708	3	2.797132035	3.009439636	"SpringBarley"	0	0
1996	708	3	3.347101281	4.200030131	"SpringBarley"	0	0
1997	708	3	3.171250411	3.499686222	"SpringBarley"	0	0
1998	708	3	2.330187006	2.892011142	"SpringBarley"	0	0
1999	708	3	3.68674328952695	4.40259941953181	"SpringBarley"	0	0
2000	708	3	4.68	4.29	"WinterWheat"	0	0
2001	708	3	4.45	4.34	"WinterWheat"	0	0
2002	708	3	4	3.93	"WinterWheat"	0	0
2004	708	3	1.921369043	4.265769655	"SpringBarley"	0	0
2005	708	3	4.487645535	2.460275723	"SpringBarley"	0	0
2006	708	3	2.923091169	3.940648776	"SpringBarley"	0	0
2007	708	3	2.755208263	3.491174707	"SpringBarley"	0	0
2008	708	3	1.27546156824951	1.8258978362388	"SpringWheat"	0	0.77
2009	708	3	4.289520751	5.750434781	"SpringBarley"	0	0
2010	708	3	3.852096609	4.249486486	"SpringBarley"	0	0
2011	708	3	3.140155176	4.969512875	"SpringBarley"	0	0
2012	708	3	2.959993512	4.518692641	"SpringBarley"	0	0
2014	708	3	3.788420089	4.684020846	"SpringBarley"	0	0
2015	708	3	4.444179642	5.419029695	"SpringBarley"	0	0
2016	708	3	5.303639589	3.264197173	"SpringBarley"	0	0
2017	708	3	3.8	3.394	"SpringBarley"	0	0
2018	708	3	1.219	1.779	"SpringBarley"	0	0
2019	708	3	4.003654354	5.734410938	"SpringBarley"	0	0
1987	201	1	3.15803486972893	3.64132067749561	"SpringBarley"	0	0
2003	201	1	3.33827443335258	4.41652470161025	"SpringBarley"	0	0
2013	201	1	3.59634259075835	4.64304447258632	"WinterWheat"	0	0
1987	206	2	3.14539330066408	3.53370741135207	"SpringBarley"	8	0
2003	206	2	3.36412362149436	4.62345218999311	"SpringBarley"	8	0
2013	206	2	3.66040947457877	4.86898827003554	"WinterWheat"	0	0
1987	208	3	3.11777657405644	3.51210361301861	"SpringBarley"	4	0
2003	208	3	3.39660124968738	4.36601872425172	"SpringBarley"	4	0
2013	208	3	3.68006906714669	4.60738281303305	"WinterWheat"	0	0
1987	301	1	3.12403020825137	3.57210101360375	"SpringBarley"	4	0
2003	301	1	3.31480482302204	4.3805650980964	"SpringBarley"	4	0
2013	301	1	3.63474909761219	4.5532165668561	"WinterWheat"	0	0
1987	306	2	3.11095240762885	3.5184212536391	"SpringBarley"	12	0
2003	306	2	3.29266793352117	4.5143885314054	"SpringBarley"	12	0
2013	306	2	3.81152849098988	4.80026145023606	"WinterWheat"	0	0
1987	308	3	3.0025851961934	3.39087958869098	"SpringBarley"	8	0
2003	308	3	3.17661865361241	4.33084454665337	"SpringBarley"	8	0
2013	308	3	3.69547084441845	4.73205274700107	"WinterWheat"	0	0
1987	601	1	3.06073481798347	3.53384196232708	"SpringBarley"	8	0
2003	601	1	3.18697615292492	4.47044736988526	"SpringBarley"	8	0
2013	601	1	3.62913073434671	4.8272211576277	"WinterWheat"	0	0
1987	606	2	3.21463235991629	3.62401714551468	"SpringBarley"	0	0
2003	606	2	3.42406617412689	4.43641736617067	"SpringBarley"	0	0
2013	606	2	3.8045489192402	4.62455780566455	"WinterWheat"	0	0
1987	608	3	2.99210903225968	3.30976165520361	"SpringBarley"	12	0
2003	608	3	3.17006964967004	4.34955454393858	"SpringBarley"	12	0
2013	608	3	3.61406712029474	4.79314971809897	"WinterWheat"	0	0
1987	701	1	3.04594802512246	3.49128292401225	"SpringBarley"	12	0
2003	701	1	3.15654193995638	4.27645022768192	"SpringBarley"	12	0
2013	701	1	3.42697883250048	4.39394286169284	"WinterWheat"	0	0
1987	706	2	3.23409488299562	3.59881280671047	"SpringBarley"	4	0
2003	706	2	3.47526446148372	4.38844174450089	"SpringBarley"	4	0
2013	706	2	3.64831313165661	4.55272620939005	"WinterWheat"	0	0
1987	708	3	3.15135926918184	3.49223744668585	"SpringBarley"	0	0
2003	708	3	3.43431411139492	4.13110911266568	"SpringBarley"	0	0
2013	708	3	3.54147184459655	4.52137199561508	"WinterWheat"	0	0
