0.6
0.8
0.7
5.9
10.7
13.7
14.6
15.7
13.8
8.2
6.7
4.9
0.1
1.5
0.3
8.4
11.2
12
14.8
15.4
10.2
6.7
1.7
0.7
1.1
-0.7
3.4
6.9
11.6
16.3
15.6
15.1
12.6
10.5
7.3
3.3
-0.4
-3.9
1.7
5.2
12.4
14.2
13.9
14.2
12.3
9.2
4.2
3.7
-1.2
-3.3
-0.9
5.1
8.5
12.5
17.7
17.9
13.7
8.2
5.2
1.7
0.2
-6.8
1.2
4.3
11.2
12.6
15.8
12.9
12.8
7.9
3.7
3.6
2.2
2.2
3.5
6.6
9.4
14.3
16.1
15.1
10.8
9.3
4.9
1.5
-0.9
-0.9
-1.3
3.9
9.8
13.8
15.7
15.3
13.9
9.8
5.1
2.4
-0.2
0.4
3.9
8.2
12
14.8
17.5
17
13.4
9.2
4.8
2.8
-0.1
-0.7
2.1
5.9
11.5
14.5
14.1
15.3
12.4
8.2
5.4
2.3
-0.2
3.3
4.8
8.3
10.1
14.8
14.2
14.4
14.2
10.6
3.8
-0.4
2.1
1.2
-0.4
6.3
8.9
12.5
13.5
13.6
11.7
9.6
3.8
-1.2
-5.7
-4.6
-0.1
5.4
10.8
14.5
15.5
14.9
12.2
8.7
6.9
-1.3
0.4
0.3
-0.6
7.7
11.7
13.7
14.1
14.3
12.6
7.2
5.3
1.1
1.4
-0.3
1.2
5.8
9.4
13.8
13.3
14.2
13
9.2
1.3
0.9
-2
-0.9
2.9
3.6
11.7
15.4
15
14.7
12.6
9.7
3.4
1.3
0.7
2.6
4.8
5.8
11.2
13.5
16.1
15.5
13.3
10.3
5
1.5
-1.1
-0.8
3.7
7.7
9.7
15.6
14.8
16.6
13.7
9.5
5.2
-0.8
0.4
-2.8
-0.6
5.2
9.7
15
16.5
17.4
13.9
10.4
4.2
-2.6
-2.7
-3.1
0
2.9
11.1
16.9
14.4
15.6
11.8
8.7
4.9
2.3
0.2
2.2
0.9
6
11.9
13.2
15.7
15.7
12.5
9.1
4.2
5.2
-1.8
-0.1
3.1
6.2
11
13.2
17
15.2
10.7
7.4
5
3
1.8
2.2
4.7
5.2
10.4
14.5
17.1
15.7
13
6.7
3.4
0.9
2.9
3.3
3.6
8.2
10
13.1
13.7
15.1
12.6
6.1
4.8
4.3
4.4
1.2
2.6
5.1
10.3
13.9
16.7
19.1
13.7
8.3
3.8
3.5
0.2
-0.3
-0.4
5.4
10.7
14.3
17.3
16.8
11.9
9.1
4.3
-1.2
-0.9
-0.5
4.1
4.5
10.7
14.6
15.2
15
11.6
9.9
5
2.8
0.7
-2.6
2.6
4.6
11.4
14.3
13.5
14.9
11.5
9.3
7
-0.5
-4.5
-4.2
0.9
5
10
14.1
13.8
14.4
12.4
8.1
4.4
2.4
-2.2
-1.1
0.6
6.1
10.1
14.6
15.4
15.2
13.3
7.6
3.8
2
-0.8
-0.2
2.9
5.8
12.5
13.3
14.8
15.3
13.4
7.5
4.7
-4.8
-3.5
-0.6
3.4
6.3
10.4
14.2
16.8
16.9
13.4
9.9
6.1
2.3
4.2
-1.5
3.2
6.7
10.3
14
17.1
17
12.8
9.2
4.2
1.3
0.7
-0.1
1.1
6.2
10.7
13.1
14.6
16.9
11.8
10.3
5.7
2.3
-6
-3.5
1.1
5
11.3
13.2
15.5
15.1
11.8
10.1
1.9
2.5
-1.7
-5.5
1
4.5
11.6
14.2
15.6
14.6
10.8
9.1
6.8
2.1
-4.6
-0.6
-1.7
6.9
9.5
11
15
14.1
12.1
9.1
5.7
2.7
3.5
2.3
2
5.8
12
14.7
15.3
14.6
12.8
8.4
4
3.9
4.4
4.3
5.5
5.7
11.4
14.6
16
14.8
13.5
10.1
3.8
2.7
4
5.4
6
7.3
12.2
13.8
15
16.4
11.7
9.7
4
2.5
2.1
-1.1
4.6
6.1
8.9
11.2
17.2
16.2
13.2
8.5
4.7
2.9
2.7
3.7
4.1
6.1
12.7
17.1
17
15.5
12.7
6.3
5
2.9
2
1.1
3
7.8
12.5
13.4
13.7
13.7
10.9
6.8
1.9
2
2.9
-1.1
3.2
7.1
10.8
12.6
19.2
16.3
12.3
7.7
6.5
4
0.2
3.8
2.7
6.5
10
13.6
17
17.8
12.9
11.4
3.9
-2.5
-2
-3.2
-0.1
6.9
8.7
13
14.3
17.4
11.4
9.5
4.1
-0.5
-1.6
3
3.8
5.6
9.8
14.5
17.1
20
13.1
7.8
4.3
2.5
2.5
4.8
4
6.7
12.1
13.6
13.7
14
12.6
8
1.2
0.8
2.3
0.9
3.9
7.6
11.1
12.9
17
16.3
16
9.2
5.4
2
3.1
3.6
4
8.2
12.8
13.4
14.5
15.1
13.1
10.6
6.6
3.7
1.5
0.6
0.8
5.7
11.6
12.4
17.1
16.7
12.3
12.1
5.3
0.6
2.9
4.4
4.2
7.4
13
15.5
17
19.8
14.7
7.1
4.2
0.2
0.4
-1.6
4.2
7.6
11.3
15.6
17.9
17.8
13.7
6.3
6.5
3.5
-0.5
2.2
3.5
7.9
11.3
13.3
14.9
17.7
13.7
9.4
5.4
3.9
3.6
0.1
1.7
7.7
10.6
13.9
16.8
14.9
14.3
11
6.1
2.6
-1.1
0.9
-0.1
6.2
11.6
14.7
20
16.6
16.2
12.2
7.9
6.9
5.1
2.4
6.3
9.9
11.2
15.8
15.3
16.6
12.8
8.6
5
3.4
4.1
4.4
3.6
7.1
12.8
14.8
17.2
16.4
12.8
9.4
5.9
2.5
0.7
1.1
4.1
10
11.5
13.8
17
17.1
14
8
7.4
0.6
-3.18064516129032
-2.075
2.99354838709677
7.26666666666667
9.09032258064516
14.0066666666667
18.5774193548387
15.7935483870968
12.5933333333333
8.74193548387097
2.91
-4.40967741935484
0.545161290322581
0.135714285714286
3.26129032258065
10.3766666666667
11.4161290322581
14.9633333333333
15.6322580645161
15.6322580645161
14.06
9.69354838709677
6.31666666666667
3.95483870967742
2.39032258064516
-0.851724137931035
5.82903225806452
6.2
12.2129032258065
12.47
15.6612903225806
16.5096774193548
12.6366666666667
8.46451612903226
5.69333333333333
-0.0387096774193548
0.232258064516129
-0.342857142857143
-0.945161290322581
5.51333333333333
12.0290322580645
13.6066666666667
17.0258064516129
16.6677419354839
12.8966666666667
10.8225806451613
5.42333333333333
5.16129032258065
1.95806451612903
4.45357142857143
5.97741935483871
8.89
11.5806451612903
14.6633333333333
19.2774193548387
15.458064516129
14.54
12.0483870967742
6.97
3.16129032258065
2.78709677419355
1.87142857142857
4.54516129032258
6.94333333333333
9.41935483870968
12.5466666666667
15.4741935483871
17.3290322580645
12.9466666666667
9.41290322580645
7.55
6.83870967741935
0.264516129032258
2.31034482758621
3.82903225806452
6.11333333333333
13.0548387096774
16.03
16.2032258064516
15.9096774193548
16.17
8.65483870967742
3.70666666666667
4.93225806451613
1.26129032258065
1.92142857142857
4.91612903225806
6.00666666666667
12.2
14.5566666666667
15.3935483870968
15.6548387096774
13.1133333333333
11.2064516129032
5.50666666666667
3.40645161290323
2.32903225806452
-0.782142857142857
0.764516129032258
8.81
15.4838709677419
16.16
19.0354838709677
17.2741935483871
13.93
10.358064516129
5.83
4.51290322580645
2.03870967741935
4.40714285714286
5.54193548387097
8.43
9.75161290322581
16.1666666666667
16.5
17.4129032258065
13.31
9.43870967741936
5.33666666666667
4.61290322580645
